231241
8593261
5111899
4856167
190356
2927936
5275383
4814112
6254795
6663134
1280854
8402502
5351707
4825835
4402274
1949991
9453079
5073566
8825082
6036591
6269199
5185153
4094320
6112915
1767901
7255313
620639
1328858
4477174
5824386
5028079
3237272
6101923
6933309
8202870
5988401
8264833
1087457
8533656
9549287
3378080
1423091
3778599
5269738
2867148
67976
3424244
5038201
8830217
4726223
9902800
3472019
1787326
8922315
4870652
659304
951340
133232
6744027
1611594
1239326
1950635
2804908
1136784
4795031
9838235
4167145
2706303
7655938
2969630
8720970
1277663
6471380
4635800
7199473
6422058
3648544
1745299
7227699
5257741
2306486
6470612
4377036
8437425
3425121
3081645
7999201
9973643
7085511
9548857
9441814
4171245
505365
8629085
3885854
3489753
3168849
9118820
4377948
1531542
5652156
4014058
1036255
3474287
8043468
3646527
4539989
9890667
6585443
5926894
8810371
360876
3785549
6103404
7347481
6518594
6496153
8004232
3599101
3670083
2783393
9216021
1154328
6587587
3045184
5254039
8363625
4353259
1007802
3714066
2673544
2854494
7892038
2882521
4453964
3179370
4125922
6604678
1669535
4018904
5521712
9174991
539407
278177
7241913
9832500
1897233
539278
3139290
1806283
634778
8076040
9226749
9359129
230170
952344
8040503
9689013
2039550
4959915
8779532
7409657
8136526
6335837
4494272
243902
4632675
2554070
9102730
3899369
8292512
3947414
4481758
9943668
1126443
7748831
3686752
7755526
3782842
497623
6594343
4572884
8609659
2971496
6148260
9719065
8065753
8784323
2561018
5045940
5052189
7151735
1466696
5566560
4030919
4148844
416734
6639450
1077395
4606664
8412967
9315320
7781493
7560829
4664801
5403456
9246299
391505
4212447
9455551
9612606
9822854
6107335
1193419
156237
5267684
4720894
3963874
8449207
9987574
9597899
9006314
6216112
9164677
5335760
2953474
8773618
5593482
2229181
9699195
4361591
7967683
2408032
2292746
1030868
4862591
9777054
3795257
1396958
6153784
216029
4516978
2698029
5103383
7606774
1810389
7418890
6520730
9436365
1071858
2540846
629908
9112736
751587
474242
2688192
415698
9340581
9426064
7155267
7106818
4937409
3360905
2713925
5790827
8577628
9547550
8240555
7990637
8257451
7755896
907528
5662001
6727634
9679850
9885647
6540738
4346790
413513
2972446
2606909
8936988
2543518
6090909
1071182
4399146
452880
5274376
5868100
8162950
357388
4485454
1154492
8482721
435387
1720951
6984585
930300
2024341
5261100
5634434
2984246
7620827
1191583
9344154
4569805
5331871
9280830
7819245
6528630
5560820
2683698
839757
9458715
628163
3572328
8062655
643016
5178973
4622846
6358889
51377
4663054
4754251
9384554
6274030
3566992
2430340
2713125
7555946
560674
3841059
2521686
3426287
8289255
8326489
3123940
5199939
4800127
5796439
5647562
8280839
8180957
3508827
5632027
3852876
7463867
3173279
4036018
3120169
1886355
2494938
4753047
2930608
352781
5047507
6562074
3501347
1763365
1496610
8590139
1386180
6593306
9363660
722812
6855236
4478451
3616197
6800584
5450262
3785749
5575616
2296406
4137876
1112717
2012368
2769323
9043030
4531660
5110699
3986940
3464968
1048048
9708902
7248463
3425119
316570
4477663
2919946
8490048
17849
2702062
5837227
7960955
8209376
9814494
5671804
7979745
8547380
7631467
1646835
4713820
6084101
5315693
877088
1973593
3101455
8339351
4787896
8399898
7364728
3793390
9408808
3479669
2002442
874173
2171357
645660
7699834
5870443
9874916
1351361
5209064
2026279
4354587
5512981
2816074
3361243
5945077
4431734
7286238
5972040
8137917
1184123
3197447
8751188
7814468
1075053
4352796
2880622
9252542
6055185
9243440
278560
1959946
2102886
7068607
7052865
3571843
5877572
5080016
2032931
3336647
7536703
4373383
737322
2158564
3269657
2661518
9253250
9739053
35923
5624140
655964
2134900
6237235
3538121
4885102
3285147
3347478
5894539
3056865
1345178
9826143
1059093
1826265
3951399
4620447
6451935
8934375
7764436
5028860
4733452
9003097
5832809
9059535
1436089
8997719
3628242
6680741
7369777
298669
8363327
7155871
5600092
989497
8729817
3056064
2660380
1074192
3691309
2555907
2623956
1290387
1863175
1213762
7268923
313574
3499930
5391410
7698831
2263710
9038722
3248013
7518849
3656175
1922864
3252914
5073883
4909025
9304091
350255
6328655
5954696
3753441
7035934
7958958
6307340
8058887
5653415
9124204
1491690
9712609
9954720
9014553
4287136
7647135
2661561
4883552
7013788
1766266
8656087
6498375
3031225
765671
7209198
7271250
1259448
4292868
1431937
121217
2446113
6580518
223717
9272837
1146486
5972108
938423
6623931
5420911
1027281
3488032
4290018
6722922
8688983
4643902
4150134
319327
8249019
3244364
932543
6942683
1735749
9508058
4774759
5995992
1203905
30689
7911115
8618077
3533547
6356461
1879742
9300385
3771045
9442987
5956829
6189345
5292224
4300853
7992733
9739444
9207035
1147102
2094811
8558993
5531608
6242244
1809664
7876202
4089272
7185414
3599098
8135139
3360348
3309087
91326
7518543
7213420
2931027
9700418
6878238
4663272
6712145
9554414
4964275
6132115
2106674
3841192
2417434
2795786
7284282
6195603
4606401
2544482
6830097
6744963
7214343
2287379
6766616
9216447
1083574
3737024
753610
188811
9031607
8859767
1782382
2499948
8743310
5124090
4737770
3433783
989599
7487831
5154394
5656297
7701837
3613827
6174710
6735582
2562400
714066
6644221
2888835
4607306
6591171
2344446
6591858
9957017
1093282
5508180
3051696
9577453
9869835
3726400
3434707
8548652
2308695
7261515
5015271
4677013
5098215
5577980
7064540
3153156
5323651
3033719
5872195
5347461
4450639
4250256
8106456
2426289
1444096
237125
3492536
2088172
8869
85470
398897
7091133
4818744
7085421
3783368
2771194
2197753
4085862
8864411
1368764
6230867
12353
5656487
5639816
6313756
5603934
3703044
9541621
4474553
9167027
7511440
3346872
6636860
3794402
4841079
8403927
5797494
9842432
1349418
2979687
7795913
5463322
3967300
6653017
6673299
9833298
7522773
518037
3684784
2105785
5272311
1355173
2583540
4577729
5522823
1659625
1884012
7446841
9728860
6345632
9057163
8362469
6479092
6141096
5914853
6619997
3944584
2783207
1213844
5374265
7220123
1528988
1950847
3379722
7852850
7642641
5342740
4432732
3835139
7042555
9096713
6134910
4914334
5505426
1918500
3541135
8753028
2139048
1955519
1029076
1630254
4860980
3076160
7376274
6470440
4592940
2551329
480274
6335351
6423701
1186901
6434823
5237255
1639935
6587847
4509051
6855572
5003499
9501435
5645800
1131235
1281198
8558092
5862429
8289229
1701131
3102377
2194744
5097083
2961998
7178079
6591607
2935199
8823231
7807204
5956953
9814378
2678488
6773723
6483154
6338967
6216917
6522503
345241
4702050
6253124
2757578
2465116
7650762
1703807
6776935
351056
1354940
2017289
4298893
6741698
3605136
8423514
1128477
820675
7318430
5926297
1574522
9984606
2311075
8960398
4806294
4353471
1684419
6104115
8248027
4008792
8044924
5034312
159162
6928938
4054451
2498318
5548343
5934320
3507106
7023523
3888289
4153353
3015087
9643493
6344973
8412872
5641783
6095257
7885036
6740090
34581
7424959
6540503
1459613
2668341
1398584
3048209
7494319
4975407
8848848
1921692
7308208
7892100
1644720
1438582
3165964
8440434
6548021
9829837
685266
6850069
7718340
7205029
980201
8483781
104992
3538031
3514868
6494992
7914077
572168
9657817
639038
2978103
8749305
9464579
7682100
1914237
7941237
1912940
4673277
7401886
9550383
6771998
6737869
4832807
2240187
542027
2489727
5875295
7286631
1227771
8978720
5480794
3056984
9970586
7280821
2684657
2098259
3701069
4978685
1116255
4953492
1155566
8810347
8086925
718985
6262707
4236567
6038317
9596851
110857
7736310
941335
4226344
8813533
638494
4903064
3614114
5963870
5540972
5193341
280120
9688141
2800636
7833712
6608726
9767306
5726992
7408526
6603597
5007236
4332048
7818767
1275443
3260856
3105779
8684724
2222657
2461043
5527083
6928409
7606766
4728298
4665382
983748
8480170
2809030
9173599
3862148
7939324
8763387
4799057
5845245
9470445
6635088
6726447
3161958
7979321
2348543
9976155
6870499
5596992
9798427
7114506
6259531
6545468
2511733
1053826
8113522
6983442
4741561
8773002
2932193
2955804
6412971
424204
2427916
8891904
4628205
2400708
5366917
8941853
7166603
4835592
5008231
7411080
1431056
9516235
7783573
6634502
357564
8809818
7687049
1929580
2218558
6083589
6260686
1524600
3157777
1303039
5479140
2931122
7847623
5474651
3876485
5128293
26269
3828819
2526319
8171260
1362624
7575575
8662485
7644515
4745407
9678131
7906556
515912
229253
2519808
4170598
7423533
3755738
2658835
4280718
8362005
8249093
2679808
5542521
3977164
765994
4779032
6031780
6689048
3033187
7142253
9519166
4679825
6973615
298430
9509234
9865128
3744486
9045025
6599901
9892393
4154175
5146365
2996791
3141498
7533368
6849188
7673021
2492504
8615130
8509992
362515
7755217
4841698
2784592
9737757
3056829
605036
3813480
5896362
3540859
5303625
7784643
2173471
7479238
1079973
8243814
9315627
9551375
8794298
5681524
9691522
6137015
5054703
9061741
3557226
3200049
8068951
2823869
8095158
1730194
3863574
352310
4094211
4534262
6814134
9718805
9606248
5231887
8128732
3868219
6235425
6258723
8841173
5772832
527784
978446
7227621
9892877
6383035
9265330
4052086
6993680
4922960
2322141
2687384
7558486
465910
5318150
7247237
8400491
5760283
1909906
3589593
2531412
9367101
9251406
3265900
2861847
7459850
4518723
5450063
1589959
1254923
5599701
1657656
790360
2365701
2505347
4710454
3213881
9455451
7599617
8647721
7640183
4315576
3699984
3525032
2621962
1537215
5875865
9902380
280774
8433088
9745103
2559948
6113740
9949793
7302846
2878819
4519153
9221337
8062262
6340910
5192155
5025759
2971686
825705
5350297
3318239
9845058
9302208
356299
5434166
1760306
7884981
4377670
5159931
2482742
7624614
7013037
853500
6861874
371444
3671087
1083675
469644
7276283
4655277
809178
8728160
5090037
7324489
8104906
5407149
6908491
6324590
2894009
9436026
9176195
3291250
2009737
7714879
335861
2243177
2068316
9286224
8903828
4682971
8031647
2616638
7477125
5826018
3420604
5185236
37956
7544914
1612121
117083
9075615
5578920
1382430
1482658
8446262
696185
9831973
9492258
7598053
4585988
1123803
882111
5816890
3815739
966021
4727224
2763246
5104346
9781606
5851258
7647871
6938833
8978991
4992567
7819883
8412707
2639857
430415
3618165
3114401
7788298
3699136
3434868
3590896
8968072
688436
102201
6358177
8764529
5203549
4162127
1965904
3008862
9863256
7699417
4200402
7428975
2662655
630512
2482033
8788391
6111700
7767583
6263091
4749187
3084456
9711034
2817642
9527862
4321885
1500435
5050273
5750351
4054876
259464
3412246
1735632
2864768
2778382
5496279
6206838
9206478
510384
9478056
562514
9700842
7954014
1623664
1080887
5825656
4437336
1159732
9319895
7710822
1797934
1240480
1457358
7120327
8689465
1968600
2319558
2065637
2415252
6866705
6180086
2474756
392624
210524
4680608
9284122
3750412
4526716
728264
6681008
3835215
1425952
3056556
568507
4562558
7895927
4608125
1588125
3459633
5078712
6268484
4513700
7450312
3725710
9514630
9489022
1187358
7275374
7348437
3346274
2257096
2029016
2537506
2333165
9668587
2722931
2928899
6396604
3142978
7005722
7180438
7673945
7012560
4854340
7241561
221669
7562515
2405604
5994376
1613586
2762524
7683275
5843964
3411392
2950359
2286939
1707659
7242214
8082506
4141196
8874731
2807952
5341362
1851102
7377742
6663607
5311872
1128191
1276212
4863958
5523799
2794742
9508129
3974111
244438
691633
3989881
727269
9734835
5488795
5782966
1185584
9540814
3365910
5741419
5120950
6507825
8181910
8640065
224017
4102214
3334997
2190764
6454055
7085709
4410513
511855
1348870
5534214
1420591
7522342
4123790
2224023
952325
6123847
1277619
8038909
1215098
5835216
1497226
7920356
5332564
4461197
6794840
4007721
2475206
6322802
6281217
8551360
4183000
7841706
8451652
8299558
3859705
4172630
1952097
1091167
2991159
420381
1142886
6512172
9576282
9730586
3785641
921511
6777851
3794504
7139714
1361983
7637059
1226945
4075330
3852970
3363515
9196732
1869460
8648366
4551463
1235023
5616616
3750712
1902772
2128285
2925323
885288
9244092
1897687
8013443
6586939
9931302
3652147
262067
2318068
6487778
9251739
579597
5968306
6750820
6939329
2437585
3385023
4493996
6248692
9137248
6327422
9289717
1353731
4452690
2388271
4769936
1927101
8188983
6225120
7761300
2119289
1818670
4727372
9752416
1071231
29453
1297694
3102581
3381907
6890633
9986739
2419754
4328271
8639696
9222486
6565585
3482820
9377113
395530
1834494
6534377
6259667
1641099
2039659
9672445
4206428
2870592
1338495
9517180
9646169
1092607
8291738
1740361
9040966
1603434
4327250
8342685
7760525
6145624
4988993
4252666
558628
7612965
6814071
212757
6177677
7220758
7619004
3983909
5729118
1016422
8199223
4999553
7974438
1689098
6914259
9299702
7647058
6285200
2673857
6206465
8664704
4109452
8371080
4195830
2565727
7718508
2190603
5566688
3527205
9538447
8247324
5403148
1668650
1830976
3619240
1833326
2195846
7151912
4794458
184168
7255242
4076960
4219937
1301475
7561413
2948653
8531476
7836593
342477
1622184
8793781
1918476
7390155
3328328
903656
5734023
3811024
5846913
6233560
2614471
6170204
2642428
6216898
6183589
417894
3916467
5760003
5589455
3237072
443545
1358344
7428618
8081052
8172147
5711770
1455286
6620887
6792063
7181443
5961605
861152
7869172
2430066
8416915
197634
1998971
6421926
7865018
8319936
1039957
652419
9226593
6998720
8272633
3780856
2841211
1508565
5935739
1357340
1967169
3071110
750877
5974284
2299495
424438
5154603
7348895
8613146
2836606
8758023
3253910
7014261
2469344
8219556
8497213
609454
5830941
6856185
138964
4611330
3237020
6664592
2166940
547180
5456017
4275714
9683802
4673223
9995492
8641884
9276303
5833634
2275545
6210755
6918898
2905696
8293227
4984762
5925368
7117767
2217211
6516249
8128875
3738699
4147208
658845
3916289
7849017
3187617
3234510
9593502
593072
1162359
9453533
9217500
4649149
4605931
6998560
6421853
2855600
8684038
3106468
6072946
4925596
1195415
5794081
6364203
7515560
5546562
9439044
856309
8715285
8695853
7667152
347056
6601075
3814113
8443599
8451492
434609
5999064
3626603
6371025
6045634
6743524
7030456
3915962
5836343
6187617
1558274
4963813
5880655
844051
3311153
8290089
4373809
488259
9563291
1360636
2879568
2126298
7789792
760961
7181921
8398542
2212572
7024021
9653015
60990
3118332
5002326
8667016
1936800
7915118
868073
3538311
7276725
6836673
3930090
543717
1005574
3499004
7812236
1976589
4371377
5255211
2342014
9598804
796111
7717423
7255606
1631145
2320068
9242753
1073400
5789200
8480977
6335162
3688630
4083767
4414835
1279618
1964447
6196145
2488984
4607190
3995967
1673245
705588
9892798
6521483
2339285
7840343
8718922
371411
7098340
4128175
6282797
786742
7391793
1398686
6150379
1753359
8776257
2588840
8668107
1795999
4898816
6844981
9640054
5711492
9227145
6588426
4723381
6689986
3835000
684863
9068436
3286834
5462465
7367822
5842705
6726852
2097271
6372448
9371422
1888059
2140338
1910640
6044035
2934521
4974207
416349
591707
2830275
5370292
5914569
8556861
3644439
794626
1846826
9142330
4140762
4185795
3750523
5143135
6360378
9815022
5912080
9472641
4793611
711492
4482527
4054938
2033496
3902832
9351881
6197186
3307173
9046798
7925610
2662999
1360264
4013670
7258993
7752076
862210
7847011
2983964
5816975
3591090
9188309
4790486
2289677
2652228
777691
5704226
485829
6234553
1689968
7928008
7328550
8059055
40438
8203492
7755842
1925070
8607282
1551250
378895
1912661
1821651
5440424
8180681
4338130
876211
239935
5331944
630875
3683960
7008096
1745806
3199967
6959265
2469610
2853603
1208267
2305753
231741
7047052
262890
5826997
3303608
9203256
8684848
9174302
3045897
7269260
1679498
2274658
9179470
6913817
4738035
6136623
7147703
7497
5229643
5923411
9094190
2214976
1950898
704489
378304
6240539
8888042
1893780
8422953
241739
1199711
2039073
972711
8798784
1095861
1530985
6763735
8217562
6251131
8309245
3779430
5052662
4871666
28527
5204864
8331181
7756895
9142163
7848644
9071934
375715
1363611
1161382
1181057
8299750
9256077
7995470
1365554
2452994
9351502
9291198
3698909
5933210
3691599
5192024
2749491
5408421
5688971
7863627
1610271
5538558
4959155
4957203
6621516
2218993
2011514
